NSGA3: [1.02000000e+02 1.10000000e+01 9.44129315e+02 4.99045873e-02]
RNSGA3: [7.80000000e+01 3.00000000e+00 5.50774458e+02 3.13698896e-02]
UNSGA3: [8.90000000e+01 1.20000000e+01 8.50780094e+02 4.87181473e-02]
AGEMOEA2: [1.32000000e+02 1.00000000e+01 9.35110737e+02 8.37155719e-02]
AGEMOEA: [1.48000000e+02 2.90000000e+01 1.34983472e+03 1.41678773e-01]
NSGA2: [1.81000000e+02 6.20000000e+01 2.30131720e+03 5.57996615e-01]
RNSGA2: [3.30000000e+01 5.00000000e+00 7.51246636e+02 6.64373708e-02]
SMSEMOA: [9.90000000e+01 9.00000000e+00 9.69715534e+02 8.15163675e-02]
RVEA: [6.10000000e+01 4.60000000e+01 3.92281875e+03 1.11500312e+00]
AGEMOEA: [1.08000000e+02 2.10000000e+01 1.12880004e+03 8.32832566e-01]
NSGA3: [7.70000000e+01 1.10000000e+01 7.08502336e+02 1.31996837e-01]
AGEMOEA2: [1.18000000e+02 7.00000000e+00 6.57427294e+02 4.22859656e-01]
RNSGA3: [6.90000000e+01 5.00000000e+00 4.70013336e+02 8.11112088e-02]
NSGA2: [1.51000000e+02 6.10000000e+01 1.29188018e+03 8.65002149e-01]
RNSGA2: [3.30000000e+01 3.00000000e+00 3.13578243e+02 1.00537307e-01]
UNSGA3: [8.90000000e+01 1.10000000e+01 5.25648070e+02 1.30250233e-01]
RVEA: [4.60000000e+01 3.20000000e+01 1.87818171e+03 1.67633822e+00]
SMSEMOA: [9.70000000e+01 9.00000000e+00 6.23517292e+02 1.93781440e-01]
AGEMOEA: [ 54.          13.         472.65627098   0.50854198]
AGEMOEA2: [5.40000000e+01 4.00000000e+00 8.01363807e+02 5.08541981e-01]
NSGA2: [5.30000000e+01 1.90000000e+01 5.14592880e+02 5.08541981e-01]
NSGA3: [4.50000000e+01 8.00000000e+00 1.20152765e+03 5.08541981e-01]
RNSGA2: [2.50000000e+01 4.00000000e+00 3.54016795e+02 8.66655880e-02]
RNSGA3: [3.70000000e+01 3.00000000e+00 2.79933209e+02 1.24929578e-01]
RVEA: [3.40000000e+01 2.30000000e+01 1.63478971e+03 1.03617990e+00]
SMSEMOA: [ 40.           8.         482.04222046   0.50854198]
UNSGA3: [ 37.           9.         478.18389939   0.50854198]
AGEMOEA: [1.00000000e+02 1.20000000e+01 1.28629267e+03 4.23965609e-01]
NSGA2: [1.12000000e+02 4.40000000e+01 1.00597810e+03 4.37362608e-01]
NSGA3: [7.30000000e+01 7.00000000e+00 3.93282918e+02 1.20804554e-01]
AGEMOEA2: [8.60000000e+01 7.00000000e+00 1.21102115e+03 4.33539733e-01]
RNSGA3: [6.20000000e+01 3.00000000e+00 2.44631858e+02 7.59455443e-02]
RNSGA2: [3.10000000e+01 4.00000000e+00 3.79596414e+02 8.19166959e-02]
SMSEMOA: [5.70000000e+01 6.00000000e+00 6.59867734e+02 4.22174170e-01]
UNSGA3: [7.00000000e+01 1.10000000e+01 6.48489192e+02 1.34490175e-01]
RVEA: [5.80000000e+01 2.90000000e+01 1.70468701e+03 8.48719879e-01]
AGEMOEA2: [ 25.           5.         340.64244974   0.55897608]
NSGA2: [ 25.           8.         331.12924814   0.55897608]
NSGA3: [ 21.           5.         261.35488016   0.55897608]
RNSGA2: [ 18.           4.         142.89748851   0.16236902]
RNSGA3: [ 22.           4.         188.33058439   0.19724014]
RVEA: [ 22.          15.         842.5578025    1.14759191]
SMSEMOA: [ 23.           5.         283.65573261   0.55103338]
UNSGA3: [ 24.           5.         244.92072858   0.55897608]
AGEMOEA: [ 25.           5.         259.38179819   0.55897608]
AGEMOEA: [2.30000000e+01 4.00000000e+00 4.50692499e+02 3.46371762e-01]
AGEMOEA2: [2.20000000e+01 5.00000000e+00 5.57443347e+02 3.46371762e-01]
NSGA2: [ 23.           4.         327.9191185    0.34637176]
NSGA3: [2.20000000e+01 4.00000000e+00 3.86367315e+02 3.36595313e-01]
RNSGA2: [1.90000000e+01 4.00000000e+00 2.08751327e+02 1.56143978e-01]
RNSGA3: [2.00000000e+01 3.00000000e+00 2.02482055e+02 1.53317824e-01]
RVEA: [ 20.          20.         609.91260381   0.70517868]
SMSEMOA: [ 23.           5.         317.97518727   0.33788525]
UNSGA3: [2.10000000e+01 4.00000000e+00 5.04615386e+02 3.36595313e-01]
AGEMOEA: [ 65.          15.         458.0855871    0.46504195]
AGEMOEA2: [ 64.           7.         356.03613084   0.46498472]
NSGA2: [7.10000000e+01 3.90000000e+01 6.32752812e+02 4.65920322e-01]
NSGA3: [ 48.           8.         310.39278583   0.33171141]
RNSGA3: [3.90000000e+01 3.00000000e+00 2.32588615e+02 9.56635066e-02]
RNSGA2: [2.30000000e+01 3.00000000e+00 1.87453223e+02 7.99174383e-02]
SMSEMOA: [ 42.           5.         334.73819937   0.46504195]
RVEA: [ 41.          30.         909.7727009    0.94306739]
UNSGA3: [ 44.           9.         461.04296374   0.46504195]
AGEMOEA: [1.15000000e+02 4.10000000e+01 1.76036553e+03 6.50419426e-01]
NSGA3: [8.50000000e+01 9.00000000e+00 6.93915828e+02 7.24844209e-02]
AGEMOEA2: [1.09000000e+02 1.30000000e+01 9.25265351e+02 2.17404531e-01]
NSGA2: [1.35000000e+02 5.60000000e+01 2.10923151e+03 6.49034499e-01]
RNSGA3: [4.50000000e+01 4.00000000e+00 6.14344399e+02 1.25450496e-01]
RNSGA2: [3.10000000e+01 4.00000000e+00 4.31933934e+02 5.67771415e-02]
UNSGA3: [8.50000000e+01 1.40000000e+01 6.54448844e+02 6.30783289e-02]
SMSEMOA: [8.40000000e+01 1.20000000e+01 7.51017475e+02 1.41217615e-01]
RVEA: [4.50000000e+01 4.30000000e+01 1.99375186e+03 6.55775098e-01]
AGEMOEA: [5.20000000e+01 5.00000000e+00 2.18816476e+02 1.17181091e-01]
AGEMOEA2: [5.20000000e+01 5.00000000e+00 3.54274980e+02 1.17181091e-01]
NSGA2: [5.30000000e+01 5.00000000e+00 2.68723482e+02 1.17181091e-01]
NSGA3: [4.50000000e+01 4.00000000e+00 3.05958730e+02 1.17181091e-01]
RNSGA2: [1.20000000e+01 3.00000000e+00 2.11593422e+02 1.17181091e-01]
RNSGA3: [4.30000000e+01 3.00000000e+00 1.16235821e+02 6.73569087e-02]
RVEA: [4.90000000e+01 3.40000000e+01 4.55486455e+02 2.30965757e-01]
SMSEMOA: [4.70000000e+01 5.00000000e+00 2.34769377e+02 1.14725276e-01]
UNSGA3: [4.30000000e+01 4.00000000e+00 2.61438979e+02 7.73512587e-02]
AGEMOEA: [ 61.          12.         201.72740617   0.56236426]
NSGA2: [ 63.          24.         160.71147464   0.56236426]
AGEMOEA2: [ 61.           7.         147.27953879   0.56239215]
NSGA3: [ 46.           8.         137.80143449   0.37588988]
RNSGA2: [ 13.           4.         122.71808754   0.56236426]
RNSGA3: [ 48.           3.         159.16155796   0.27253655]
RVEA: [ 45.          35.         408.02420571   1.1420305 ]
SMSEMOA: [ 48.           9.         161.25589646   0.56239215]
UNSGA3: [ 49.           9.         211.68085347   0.56236426]
AGEMOEA: [8.80000000e+01 2.30000000e+01 1.42708964e+03 8.46232686e-01]
AGEMOEA2: [9.00000000e+01 1.30000000e+01 1.23407492e+03 8.46149211e-01]
NSGA3: [7.40000000e+01 1.30000000e+01 5.45156953e+02 1.62611565e-01]
NSGA2: [1.06000000e+02 5.30000000e+01 1.41982421e+03 8.46232686e-01]
RNSGA3: [4.10000000e+01 1.20000000e+01 5.48671572e+02 1.66096898e-01]
RNSGA2: [2.40000000e+01 5.00000000e+00 3.53490304e+02 9.56541172e-02]
UNSGA3: [6.50000000e+01 1.10000000e+01 6.93065095e+02 2.38887195e-01]
RVEA: [4.10000000e+01 2.10000000e+01 3.06519423e+03 1.70537209e+00]
SMSEMOA: [8.00000000e+01 1.50000000e+01 5.28989126e+02 2.78401195e-01]
AGEMOEA: [ 43.           9.         221.42058684   0.44621725]
AGEMOEA2: [ 42.           5.         159.36303324   0.44446738]
NSGA2: [ 43.           7.         263.63602958   0.44446738]
NSGA3: [ 38.           6.         161.95442122   0.29038992]
RNSGA2: [ 20.           4.         161.88657071   0.44699751]
RNSGA3: [ 38.           3.         142.20786878   0.28952268]
RVEA: [ 28.          25.         446.98978649   0.9096057 ]
SMSEMOA: [ 34.           6.         144.35625026   0.44446738]
UNSGA3: [ 35.           6.         154.79071049   0.29038992]
