CTAEA: [2.01975573e+00 3.42037326e+00 9.34060751e+02 4.73550988e-03]
DNSGA2: [1.60000000e+02 7.70000000e+01 2.42579968e+03 5.54782904e-01]
MOEAD: [5.00000000e+01 2.00000000e+00 4.78439084e+02 3.15581763e-02]
KGBDMOEA: [1.59000000e+02 7.70000000e+01 2.24462070e+03 3.68577721e-01]
CTAEA: [2.57107614e+00 3.00219154e+00 5.66012939e+02 7.97869833e-03]
DNSGA2: [133.  77.  inf  inf]
KGBDMOEA: [1.26000000e+02 6.50000000e+01 1.06713794e+03 8.33050791e-01]
MOEAD: [3.60000000e+01 6.00000000e+00 2.91551921e+02 7.82516851e-02]
CTAEA: [2.27888860e+00 3.42537038e+00 3.57333507e+02 1.21116142e-02]
DNSGA2: [45. 27. inf inf]
KGBDMOEA: [52. 15. inf inf]
MOEAD: [2.60000000e+01 2.00000000e+00 2.26322141e+02 8.76636643e-02]
DNSGA2: [113.  45.  inf  inf]
CTAEA: [3.11350535e+00 3.05254527e+00 4.57065649e+02 9.85040400e-03]
KGBDMOEA: [116.  53.  inf  inf]
MOEAD: [3.10000000e+01 2.00000000e+00 2.19109658e+02 4.82369287e-02]
CTAEA: [6.76892293e+00 3.72459031e+00 1.61900909e+02 1.27267197e-02]
DNSGA2: [24.  7. inf inf]
KGBDMOEA: [24.  8. inf inf]
MOEAD: [ 18.           5.         128.69190002   0.13356703]
CTAEA: [3.66872160e+00 3.52644924e+00 1.74811615e+02 1.31232371e-02]
DNSGA2: [23.  6. inf inf]
KGBDMOEA: [23.  6. inf inf]
MOEAD: [1.90000000e+01 2.00000000e+00 1.47465820e+02 6.49921347e-02]
CTAEA: [2.61443983e+00 3.17744227e+00 2.76849364e+02 9.69692326e-03]
DNSGA2: [64. 34. inf inf]
KGBDMOEA: [56.         47.                 inf  0.94306739]
MOEAD: [2.20000000e+01 5.00000000e+00 1.82303075e+02 7.90147417e-02]
DNSGA2: [128.          59.                  inf   1.30714633]
CTAEA: [2.82905256e+00 3.06653366e+00 6.98041734e+02 3.96072190e-03]
KGBDMOEA: [132.  69.  inf  inf]
MOEAD: [3.80000000e+01 8.00000000e+00 4.03967709e+02 4.21894987e-02]
CTAEA: [2.13375106e+00 3.25816043e+00 1.49499822e+02 2.16407958e-02]
DNSGA2: [39.  5. inf inf]
KGBDMOEA: [46.  6. inf inf]
MOEAD: [2.60000000e+01 2.00000000e+00 9.39898447e+01 3.51625435e-02]
CTAEA: [2.22571509e+00 3.56408554e+00 1.00155816e+02 8.81261896e-03]
DNSGA2: [60. 39. inf inf]
KGBDMOEA: [60. 32. inf inf]
MOEAD: [21.          5.         72.42408877  0.09903623]
DNSGA2: [110.  67.  inf  inf]
KGBDMOEA: [109.  58.  inf  inf]
CTAEA: [6.43809676e+01 5.88667938e+01 4.92520444e+02 9.15396363e-03]
MOEAD: [3.10000000e+01 6.00000000e+00 2.76526914e+02 8.97338895e-02]
CTAEA: [2.38591191e+00 3.13716181e+00 1.05039641e+02 8.42905792e-03]
DNSGA2: [42. 14. inf inf]
KGBDMOEA: [42. 16. inf inf]
MOEAD: [19.          4.         85.12296266  0.12391128]
