CTAEA: [2.00049131e+00 3.00026716e+00 9.34060751e+02 4.73550988e-03]
DNSGA2: [2.00000000e+00 1.60000000e+01 6.21504415e+02 5.97237461e-03]
MOEAD: [3.70000000e+01 2.00000000e+00 4.60885946e+02 2.24916674e-02]
KGBDMOEA: [3.00000000e+00 1.30000000e+01 6.07531281e+02 6.18559476e-03]
CTAEA: [2.17658408e+00 3.00018524e+00 5.66012939e+02 7.97869833e-03]
DNSGA2: [0.00000000e+00 4.00000000e+00 3.77164016e+02 9.94728974e-03]
KGBDMOEA: [2.00000000e+00 2.00000000e+00 3.31079416e+02 9.28807644e-03]
MOEAD: [2.30000000e+01 2.00000000e+00 2.70731206e+02 5.03534046e-02]
CTAEA: [2.00002250e+00 3.00120588e+00 3.57333507e+02 1.21116142e-02]
DNSGA2: [1.00000000e+00 0.00000000e+00 2.66758344e+02 1.46107486e-02]
KGBDMOEA: [0.00000000e+00 0.00000000e+00 2.43964787e+02 1.24788344e-02]
MOEAD: [1.20000000e+01 2.00000000e+00 2.04641155e+02 3.36170844e-02]
DNSGA2: [0.00000000e+00 3.00000000e+00 2.62563782e+02 1.08001838e-02]
CTAEA: [2.32244364e+00 3.00003618e+00 4.57065649e+02 9.85040400e-03]
KGBDMOEA: [0.00000000e+00 5.00000000e+00 2.80352001e+02 1.02538125e-02]
MOEAD: [2.20000000e+01 2.00000000e+00 2.05313385e+02 3.54880241e-02]
CTAEA: [2.00027407e+00 3.00105034e+00 1.61900909e+02 1.27267197e-02]
DNSGA2: [0.00000000e+00 0.00000000e+00 1.15090709e+02 1.27267197e-02]
KGBDMOEA: [0.00000000e+00 0.00000000e+00 1.16230486e+02 1.27267197e-02]
MOEAD: [7.00000000e+00 2.00000000e+00 1.12312899e+02 4.25173310e-02]
CTAEA: [2.00126617e+00 3.00396449e+00 1.74811615e+02 1.31232371e-02]
DNSGA2: [0.00000000e+00 0.00000000e+00 1.27854397e+02 1.31232371e-02]
KGBDMOEA: [0.00000000e+00 0.00000000e+00 1.27854397e+02 1.31232371e-02]
MOEAD: [8.00000000e+00 2.00000000e+00 1.26115540e+02 2.59108321e-02]
CTAEA: [2.01494202e+00 3.00047656e+00 2.76849364e+02 9.69692326e-03]
DNSGA2: [2.00000000e+00 0.00000000e+00 2.03554001e+02 1.08072179e-02]
KGBDMOEA: [1.00000000e+00 1.00000000e+00 2.25900798e+02 1.17282333e-02]
MOEAD: [1.20000000e+01 2.00000000e+00 1.67501405e+02 4.95681728e-02]
DNSGA2: [1.00000000e+00 1.00000000e+00 5.04221355e+02 4.92276639e-03]
CTAEA: [2.18902806e+00 3.00003456e+00 6.98041734e+02 3.96072190e-03]
KGBDMOEA: [0.00000000e+00 1.00000000e+00 5.01482852e+02 5.05072946e-03]
MOEAD: [2.80000000e+01 2.00000000e+00 3.85570975e+02 2.98372657e-02]
CTAEA: [2.00015425e+00 3.00009928e+00 1.49499822e+02 2.16407958e-02]
DNSGA2: [1.00000000e+00 0.00000000e+00 7.75769308e+01 1.48780249e-02]
KGBDMOEA: [0.00000000e+00 0.00000000e+00 7.29259259e+01 1.46142136e-02]
MOEAD: [1.00000000e+01 2.00000000e+00 7.83955459e+01 2.14450400e-02]
CTAEA: [2.00034443e+00 3.00255935e+00 1.00155816e+02 8.81261896e-03]
DNSGA2: [0.00000000e+00 0.00000000e+00 6.73142025e+01 1.02873841e-02]
KGBDMOEA: [0.00000000e+00 0.00000000e+00 6.60085234e+01 9.93441245e-03]
MOEAD: [1.20000000e+01 2.00000000e+00 5.81990891e+01 5.37075658e-02]
DNSGA2: [0.00000000e+00 3.00000000e+00 3.30524378e+02 7.37969373e-03]
KGBDMOEA: [0.00000000e+00 6.00000000e+00 3.28662488e+02 7.58192168e-03]
CTAEA: [2.00010853e+00 3.00013162e+00 4.92520444e+02 6.96127994e-03]
MOEAD: [1.90000000e+01 2.00000000e+00 2.55744121e+02 5.55465266e-02]
CTAEA: [2.00409209e+00 3.00039313e+00 1.05039641e+02 8.42905792e-03]
DNSGA2: [0.00000000e+00 0.00000000e+00 7.04227804e+01 8.81565161e-03]
KGBDMOEA: [1.00000000e+00 0.00000000e+00 6.83107780e+01 8.79654841e-03]
MOEAD: [7.00000000e+00 2.00000000e+00 6.96387819e+01 3.85604750e-02]
